Row,32.6,32.8,33,33.2,33.4,33.6,33.8,34,34.2,34.4,34.6,34.8,35,35.2,35.4,35.6,35.8,36
-9,0.231870935112238,0.22949328199029,0.220628268271685,0.2238126270473,0.225404468923807,0.23450620546937,0.24170892611146,0.247077014297247,0.224521223455667,0.16352650411427,0.125454185158014,0.105078702792525,0.0912856724113226,0.0830276742577553,0.0775672579184175,0.0764392659068108,0.0762635339051485,0.0764973094686866
-9.2,0.243747314065695,0.228059466183186,0.223649027943611,0.223927206546068,0.227650734037161,0.25227363333106,0.314489570260048,0.323021809756756,0.266337705403566,0.231684982776642,0.160273586586118,0.124383874237537,0.104204339906573,0.0899269718676805,0.0816216243430972,0.0752499571070075,0.071841187030077,0.0697195988148451
-9.4,0.272756793349981,0.232524898648262,0.223050934821367,0.224449324607849,0.235215502232313,0.269487479329109,0.434191428124905,0.673349617421627,0.363614462316036,0.275306113064289,0.225984434783459,0.156918638944626,0.121429985016584,0.100393164902925,0.0871280176565051,0.0766360456123948,0.0718979131430388,0.0676572576165199
-9.6,0.280220244824886,0.245673402398825,0.22686138600111,0.227981439232826,0.238814177364111,0.277841206640005,0.379174122214317,0.671957111358643,0.682190904021263,0.360343522578478,0.271354449540377,0.215673305094242,0.144903534650803,0.112154078483582,0.0935193294659257,0.0815644206479192,0.0734554739668965,0.0674214264377952
-9.8,0.281864123791456,0.25253646671772,0.223879061639309,0.226508236676455,0.246007623523474,0.330089730024338,0.634180191159248,0.675556033849716,0.852413696050644,0.594178442656994,0.33064923286438,0.252127908915281,0.17643364071846,0.126048800721765,0.102153460308909,0.0852319702506065,0.0761237656697631,0.0687360182404518
-10,0.282110933214426,0.256911437213421,0.222357515990734,0.2287364192307,0.244826536625624,0.332412623614073,0.626206751167774,0.713590121269226,0.834302923083305,0.839401675760746,0.450082194805145,0.281536027044058,0.218714675307274,0.143048833683133,0.109851334244013,0.0912495816126466,0.0777389526367187,0.0697942951694131
-10.2,0.273452108353376,0.239108685404062,0.220527323335409,0.224280189722776,0.238201830536127,0.28104592487216,0.419569566100836,0.705763278901577,0.856808675825596,0.753389756381512,0.532389360666275,0.292483647167683,0.235557504743338,0.168310694023967,0.117649007216096,0.0948759937658906,0.0803083630278707,0.0714631171897054
-10.4,0.229533469676971,0.223613657802343,0.220549345016479,0.220602811127901,0.229320798814297,0.251057085394859,0.306542094051838,0.508835303783417,0.676332519948483,0.734878455102444,0.527985452115536,0.292785428464413,0.241253525018692,0.201288067549467,0.12765598334372,0.098902353271842,0.0820990078151226,0.0733808657154441
-10.6,0.215983182191849,0.218415293097496,0.219529265165329,0.22185945212841,0.226763747632504,0.236665125191212,0.264708568155766,0.341450755298138,0.545377071201801,0.714263422787189,0.446012578904629,0.291084774583578,0.243374270200729,0.217005467414856,0.139172658696771,0.101731196790934,0.083961839042604,0.0737655708566308
-10.8,0.205012956261635,0.217376883327961,0.218832520395517,0.22021523937583,0.222663084417582,0.229634758085012,0.253573021292686,0.311070100963116,0.626302221417427,0.774752822518349,0.513127119839191,0.294750342518091,0.240135440975428,0.217701519280672,0.143418080359697,0.101813100650907,0.0841628009453416,0.0736171387135982
-11,0.205267722159624,0.213382425904274,0.214931797236204,0.220418290048838,0.218066722899675,0.228384774178267,0.247155275940895,0.304878408461809,0.62106721252203,0.721573987603188,0.420987389981747,0.288733330368996,0.239044819772244,0.212543223053217,0.140577853471041,0.101606984063983,0.0844308014959097,0.0736585386097431
-11.2,0.198148576915264,0.211486099660397,0.21586881428957,0.220175449550152,0.218647434562445,0.22641344666481,0.243931816518307,0.288462380319834,0.548472206294537,0.717250609397888,0.469251857697964,0.303628472983837,0.244403545558453,0.212833246588707,0.139079936593771,0.102164954692125,0.0848937740549445,0.0741186553612351
-11.4,0.189939464628696,0.211152763664722,0.217156711965799,0.214949104934931,0.218503485620022,0.226493510603905,0.238380080461502,0.274507959187031,0.40935937911272,0.7272267177701,0.529888607561588,0.381870146095753,0.263964629918337,0.222065952420235,0.140839613974094,0.103536599874496,0.0849760571494698,0.0736230276525021
-11.6,0.184595303982496,0.214254503697157,0.216163099557161,0.217383262515068,0.217915730178356,0.221993812918663,0.239125337451696,0.321298070997,0.371439835429192,0.685498033463955,0.591996504366398,0.453604856133461,0.327028175443411,0.230624344199896,0.141098712384701,0.102181447297335,0.0845827698707581,0.0729894338175654
-11.8,0.171413925290108,0.211643055826426,0.21537721902132,0.213470976054668,0.214856127649546,0.221554309874773,0.230950162559748,0.298156055063009,0.32855829000473,0.415322203934193,0.519267882406712,0.474908268451691,0.328466685861349,0.227832622826099,0.137777464464307,0.100359061360359,0.0842364698648453,0.0725450525060296
-12,0.159085360169411,0.207704707980156,0.212130989134312,0.214444059878588,0.21859455704689,0.218263847380877,0.229421373456717,0.24364597722888,0.327949128299952,0.410703505575657,0.344998154044151,0.355726411193609,0.27790615260601,0.215427422523499,0.133672399446368,0.0984936591237783,0.0821981912478805,0.0717677745968103
-12.2,0.146152094751596,0.204407787322998,0.214304465800524,0.215645612031221,0.217674870789051,0.219342856109142,0.232633312046528,0.255564153939486,0.310950097441673,0.406007967889309,0.31331484541297,0.253567185252905,0.234024081379175,0.20327635705471,0.128430128097534,0.0977443728595972,0.0811909485608339,0.0713328592479229
-12.4,0.132787225395441,0.199874375760555,0.212034648656845,0.213741005957127,0.219190742075443,0.222888702899218,0.26116294041276,0.38610872849822,0.337865270674229,0.435576315224171,0.376657663285732,0.251068633049726,0.230137729644775,0.205164989084005,0.130938107147813,0.0986001525074243,0.0819743219763041,0.0724144013598561
-12.6,0.121097792312503,0.190349151939154,0.210821022838354,0.217038802802563,0.219322548061609,0.22282348498702,0.240958347916603,0.285663668066263,0.456374877691269,0.437972345948219,0.464553461968899,0.281052989512682,0.235413491725922,0.212984282523394,0.137416792288423,0.10039721429348,0.0831898367032409,0.0727515889331698
-12.8,0.113211265206337,0.171366227418184,0.207146099954844,0.216339688003063,0.216329923272133,0.221553259342909,0.228911308944225,0.266463173180819,0.418315047025681,0.376101636141539,0.487199245393276,0.368766021728516,0.264986377954483,0.224017383158207,0.15099586956203,0.105278028547764,0.085003131069243,0.0738868048414588
-13,0.10616103745997,0.139352872222662,0.202946328371763,0.216618487983942,0.216616299003363,0.219251041859388,0.229486656934023,0.296545397490263,0.439745824038982,0.362900194525719,0.52178760766983,0.589084835350513,0.298424077033997,0.234863675385714,0.176392924785614,0.111618393659592,0.0870155263692141,0.0754901740700007
-13.2,0.0997786447405815,0.123345160484314,0.190416838228703,0.214265014231205,0.213407310843468,0.221172285079956,0.227444875985384,0.263234755396843,0.36584759131074,0.406996338069439,0.575160425901413,0.61403620839119,0.334483831375837,0.252067945152521,0.19884293153882,0.120597990602255,0.0904234474524856,0.0754350425675511
-13.4,0.0984310507774353,0.113360602036119,0.160022958368063,0.208729565888643,0.216834186762571,0.217902264744043,0.224231892079115,0.236827048659325,0.275171931087971,0.361972080916166,0.503906033933163,0.625682339072227,0.580151058733463,0.279833726584911,0.219258561730385,0.133917685225606,0.0954934764653444,0.0770940052345395
-13.6,0.092987697571516,0.103615064918995,0.133215845003724,0.201644578576088,0.212730292975903,0.216609150916338,0.221110522001982,0.228822072595358,0.253061204403639,0.302843353897333,0.445432852208614,0.54412843734026,0.414814449846745,0.2798180565238,0.228283103555441,0.148515752702951,0.101925554685295,0.0792318504303694
-13.8,0.0912346009165049,0.0967963997274637,0.114813528209925,0.166055359691381,0.207876414805651,0.212284790724516,0.218040040880442,0.226559272408485,0.240425919741392,0.302138750255108,0.403781946003437,0.450545558333397,0.282934074103832,0.246972826123238,0.225051741302013,0.171025696396828,0.110593855008483,0.083851583302021
-14,0.0896473329514265,0.0936757039278746,0.104008059948683,0.13393629565835,0.197813109308481,0.209818729013205,0.219682639837265,0.225238261371851,0.240916331857443,0.316659817844629,0.467085838317871,0.38646292835474,0.277254283428192,0.254488761723042,0.232941614836454,0.203383649140596,0.127367516607046,0.0912606496363878
-14.2,0.0882751986384392,0.0928441178053618,0.099006874486804,0.114239180088043,0.156778828054667,0.211589952558279,0.216766959428787,0.223547890037298,0.239781864732504,0.330668188631535,0.495334680378437,0.378335920721293,0.335904581099749,0.403223830461502,0.26244186013937,0.220291890203953,0.156251621246338,0.102157214283943
-14.4,0.0873193146660924,0.0916204135864973,0.0957249015569687,0.104962076991796,0.131935558840632,0.195141142606735,0.216319892555475,0.222366571426392,0.236958928406239,0.297740734368563,0.529093991219997,0.376131012290716,0.316456513106823,0.463975945115089,0.354226864874363,0.243067765235901,0.201425734907389,0.11960591301322
-14.6,0.0859867338091135,0.0890671923756599,0.0935246825218201,0.102337509393692,0.115535496175289,0.157234711199999,0.210756526142359,0.220713359862566,0.231608690321445,0.267816596478224,0.493705108761787,0.415791909396648,0.310713157057762,0.45922058224678,0.478087285161018,0.258457627147436,0.215057471394539,0.143233900889754
-14.8,0.0865460030734539,0.0877670854330063,0.0914190459996462,0.0983078848570585,0.109384325519204,0.133298267051578,0.198697965592146,0.218327550590038,0.227362962067127,0.251387166976929,0.390874463319778,0.444313080608845,0.326364425569773,0.419725705683231,0.498908410966396,0.270549514889717,0.223862717300653,0.184128104895353
-15,0.0883589789271355,0.0884698789566755,0.0932944022119045,0.0989543817937374,0.107119047269225,0.125041657686234,0.166528358310461,0.213928383588791,0.222625381499529,0.237139750272036,0.278525929152966,0.434062300622463,0.410189220309258,0.436314149200916,0.456411145627499,0.263424095511436,0.227130709588528,0.206745357811451
-15.2,0.0888197224587202,0.0889830660074949,0.0942721508443356,0.10138266608119,0.110747144371271,0.128770899400115,0.154085012152791,0.212080662697554,0.227177514880896,0.235771588981152,0.25016715824604,0.29267208725214,0.465199017524719,0.567397290468216,0.329294069111347,0.244995915144682,0.227522256225348,0.216648652404547
-15.4,0.0887622009962797,0.0898436833173037,0.0967345662415028,0.104862872138619,0.120877998694777,0.152350417897105,0.198970115184784,0.225318709015846,0.24293839931488,0.243408912420273,0.294488987326622,0.36151616871357,0.56770574003458,0.571723279356956,0.279487047344446,0.233028166741133,0.223261293768883,0.21908353343606
-15.6,0.0891846518963575,0.0901889827102423,0.0978366512805224,0.109668046608567,0.134057709574699,0.208931315690279,0.452407270669937,0.377980601787567,0.315511572360992,0.272910936176777,0.329418984800577,0.403234001249075,0.589650613069534,0.36182267665863,0.248644794523716,0.229920096695423,0.222035533934832,0.221658269315958
-15.8,0.0897331576794386,0.0906751003116369,0.0963856313377619,0.10869902446866,0.134046201780438,0.194649070501328,0.369263131916523,0.508073017001152,0.604677778482437,0.408027152717113,0.360500280559063,0.379307819902897,0.383803270757198,0.27075828909874,0.236524663865566,0.226124526560307,0.220648425072432,0.219413283467293
-16,0.0885721746832132,0.090612331032753,0.0959449488669634,0.105933579802513,0.121950289979577,0.151251194253564,0.223182808607817,0.327380882948637,0.501823772490025,0.60981412678957,0.548336778581142,0.56442537009716,0.319081681221724,0.25791831985116,0.232121826708317,0.223410648107529,0.222267312556505,0.218753472715616
-16.2,0.0864005416631699,0.0886855095624924,0.0905871998518705,0.0953825652599335,0.105025826022029,0.131692989170551,0.197041288763285,0.255105333030224,0.306622488796711,0.4382504157722,0.571374571323395,0.645935556292534,0.553896850347519,0.290638343244791,0.240047284960747,0.227723823487759,0.220192719995976,0.221013484895229
-16.4,0.08210225161165,0.0817457929253578,0.0794184619560838,0.0824291436001658,0.0961114099249244,0.127879451215267,0.206491227447987,0.232385101169348,0.250030047446489,0.283654536306858,0.373917570710182,0.49191986322403,0.576081168651581,0.394438973069191,0.273032893240452,0.22541139498353,0.220017362385988,0.224445027858019
-16.6,0.0677484000101685,0.0661487119272351,0.0687268866226077,0.0772843005135655,0.0964390825480223,0.140055670589209,0.211115591228008,0.220830301195383,0.231409013271332,0.242841548472643,0.264633390307426,0.295605129003525,0.351332910358906,0.337826476991177,0.365534840524197,0.242357768118382,0.225771311670542,0.220401006191969
-16.8,0.0559929743409157,0.059105021879077,0.0672526683658361,0.0791037349030375,0.102839200384915,0.166474585235119,0.213939452916384,0.223026367276907,0.221054640412331,0.226398289948702,0.232872941344976,0.23999999165535,0.248343222588301,0.270571552217007,0.273187607526779,0.236987216025591,0.226151461154222,0.218678122758865
-17,0.0523091608658433,0.05844373293221,0.0682024167850614,0.0847340282052755,0.117093351110816,0.19698251336813,0.21692796126008,0.217174492776394,0.221983287483454,0.224510443210602,0.228400395810604,0.227056596428156,0.242159643769264,0.42867736145854,0.33607224971056,0.238404370099306,0.221749015152454,0.217939512431622
-17.2,0.0519191020168364,0.0604206338524818,0.0723693452775478,0.0939433768391609,0.145782024040818,0.211676932126284,0.22145534530282,0.223530811816454,0.223543529957533,0.224405692517757,0.222797228395939,0.225353603810072,0.240740832686424,0.366200257837772,0.285513339936733,0.231595093011856,0.223192887753248,0.220244038105011
