429
338
500
294
380
288
305
323
271
309
308
275
471
301
419
404
336
296
397
286
315
369
330
322
288
369
374
290
260
364
466
419
275
427
258
257
351
642
360
276
350
276
366
663
290
280
251
312
244
485
248
350
318
301
374
384
369
304
379
307
298
505
334
197
326
392
311
184
318
400
496
381
342
235
257
388
400
410
316
284
379
346
361
305
184
458
394
330
343
318
313
348
672
402
361
330
297
309
255
246
344
207
265
438
314
314
430
365
333
254
270
359
506
373
285
307
296
338
371
275
596
400
380
760
302
466
330
377
359
426
373
368
293
265
249
487
371
401
407
517
247
242
280
318
524
760
510
760
306
257
444
430
760
366
441
553
352
429
284
259
464
255
696
342
537
588
248
353
560
204
363
320
542
297
258
468
303
197
180
265
394
629
376
247
324
419
434
372
351
452
467
369
305
310
354
197
226
292
372
376
472
306
388
548
414
411
414
370
305
430
260
260
262
280
188
264
247
274
286
286
760
359
389
345
373
255
738
515
274
253
259
303
245
241
336
355
467
508
437
343
258
371
337
326
266
361
358
180
481
392
362
297
375
760
398
342
391
375
317
366
493
360
261
266
412
253
560
356
253
566
342
585
490
501
371
269
322
292
760
760
244
180
275
180
330
269
302
291
508
760
309
337
289
301
393
432
412
354
180
180
180
537
365
349
397
336
321
417
299
217
310
247
330
390
446
297
334
180
180
578
725
378
375
270
409
549
300
263
272
250
383
498
326
243
180
180
272
501
371
389
366
306
265
287
244
257
259
335
334
579
294
180
180
180
543
469
357
538
260
261
264
273
279
322
279
301
363
422
310
180
180
574
503
422
277
350
652
355
410
369
334
318
312
377
396
375
279
180
180
403
230
406
360
360
562
374
396
319
312
306
369
368
370
597
308
180
180
401
505
760
322
405
374
524
348
272
246
300
364
365
393
577
180
180
180
595
588
376
573
437
650
430
320
389
289
225
325
537
663
440
180
180
180
312
490
395
365
261
419
409
343
239
320
261
268
338
568
384
180
180
180
317
219
225
346
435
545
305
254
357
293
285
323
355
386
555
180
180
180
180
760
304
254
332
403
371
234
303
313
263
268
403
441
449
304
180
180
180
368
275
354
268
366
320
257
229
520
314
310
379
470
375
354
180
180
180
541
706
279
349
330
263
273
291
264
423
368
364
532
378
760
180
180
180
755
402
239
239
275
268
282
248
243
518
332
293
621
681
760
180
180
437
568
391
502
323
335
328
477
219
250
760
229
437
383
674
665
180
180
760
450
638
427
318
601
399
434
211
357
554
336
392
443
760
760
180
180
525
680
367
467
326
487
324
691
248
311
658
301
403
368
759
180
180
180
549
403
348
312
376
475
457
465
294
329
447
300
360
534
663
225
180
491
365
300
315
307
398
471
401
441
330
318
542
334
564
760
468
180
180
664
542
760
382
400
304
323
477
188
420
303
444
399
337
561
180
180
180
760
385
514
678
326
402
505
318
243
264
282
347
342
546
604
180
180
611
760
445
559
324
520
567
418
527
317
305
257
456
368
551
250
180
760
729
375
413
431
472
566
672
398
721
392
457
760
318
307
417
466
760
500
500
388
399
307
358
580
548
384
666
426
447
394
643
379
436
535
508
738
419
497
248
392
390
385
418
235
372
272
506
360
243
387
616
526
456
561
352
385
400
433
591
586
400
352
194
